0
0.3666422769426264 0.12261327102312723 -0.0 0.0
0.14681217538636746 0.3365042183411115 0.0723936865781911 0.06898662293241085
0.22627133940199456 0.38035538818278786 0.05552699224881524 -0.08316701949571123
0.4793554390374917 0.20280368328229093 0.016076080088910608 -0.09869933965825167
0.20699987467878295 0.02270574387051873 0.06314331559529844 -0.07754303125125134
0.1421346865723122 0.22094537701714856 0.03974887090684695 0.09176070652316719
0.14682314010160896 0.16206404946065978 -0.003974712672693683 0.09992097707273248
0.15160041527077 0.4430598059587799 0.014237674141997201 -0.09898125395763738
0.12892170682579746 0.22541350107141844 -0.09981676020073077 0.006050981988885036
0.13691132393069344 0.3273322256626329 -0.07702942665381622 -0.06376885940162604
0.4680939768450822 0.01825845206552944 -0.09971643905450867 0.007525409111035646
0.09972752180180083 0.4668890760017952 -0.06283571307335292 0.07779250068331307
0.08486630467565306 0.3579474780182055 0.008260950272665836 -0.09965819936459089
0.22379451148830848 0.3220206238284593 0.028394121913584522 -0.09588416887451495
0.46097649240562233 0.12046773206167032 0.06223473216494856 0.07827412160067411
0.2511772781107122 0.4609527505932268 0.08836656768183337 0.046811854440215905
0.43508520147711643 0.3430835557589562 -0.050816488373357296 -0.08612598045537968
0.13507184297136166 0.20052127887338958 -0.003245073398513914 -0.09994733362445574
0.09585963348171087 0.19759728246968764 0.0985796291476461 0.01679454426629567
0.19273346755187287 0.3135321948446854 0.09995272463829889 0.003074546695108022
0.07280703249584655 0.18514287721095338 -0.07076422715442214 -0.07065708849957904
