0
0.33828466584094347 0.32512029680679966 -0.0 0.0
0.20364801829684856 0.4698855292419625 -0.0527052644758447 0.0849832636260297
0.25765453648159603 0.06681125168362237 -0.01696634153806489 -0.09855020677204962
0.13932679829538 0.31605063254047633 0.09589303452181686 0.02836416630535157
0.07909786889673925 0.12152896218376577 0.004824269311456502 -0.09988356434174013
0.3968485168161693 0.1339521915310601 0.06434773787608336 -0.07654651285480528
0.4168863110939364 0.41412575543801117 0.0969715753790814 0.0244236272592573
0.42988563735038543 0.07056977959049512 0.0347994550888218 0.09374965560214649
0.44432519948081384 0.20472079668725673 0.011084841515474862 -0.09938373251481757
0.280797154942159 0.4414006555720527 0.08918911098214671 0.045225020533044724
0.022270300503134704 0.17979582542823147 -0.05953708151840387 0.0803451051668422
0.08955506182145044 0.23728951339031976 0.09566654724028387 -0.02911892407219979
0.4673202072818986 0.24167734684498313 -0.0679806040362654 0.07333919467013869
0.2616116522583546 0.4329172045258387 -0.0816362007608803 -0.05775405375667796
0.1905222346006576 0.2837748204249341 -0.05074587857934379 -0.08616760300258153
0.39860785148591554 0.3565439962121898 0.04101334193173372 0.0912025536023564
0.43426456458615564 0.2243415656744208 -0.0998129903061771 -0.006112852536991034
0.19338462475655113 0.12208346797148702 -0.07098053113113782 -0.07043979131387014
0.4285934457713635 0.41768067654386243 -0.07247686684830308 0.0688992291092821
0.3505493601979526 0.030973942644264372 0.034263734599231085 0.09394677477866632
0.006207382532456195 0.273623929384222 0.057659707420098176 -0.08170286494504753
