0
0.2080842833882075 0.3698437671865224 0.0 -0.0
0.07669554321611702 0.3338348677685432 0.05225172739537878 -0.08526286990360471
0.23960084056908282 0.24769342920383258 0.05464262361593998 -0.08375072348563156
0.13740667228206083 0.30007546602232194 0.0885490347106688 -0.04646577721085459
0.20120492500641515 0.4573118102138936 0.08698476259163564 -0.049332049185866846
0.20306418363280523 0.07913143997956137 0.026471010045726624 0.09643280368815915
0.39784496761682986 0.3568894399782311 -0.03143115739263514 -0.09493198799645669
0.27311545083516253 0.3459197649894723 -0.08161918583190464 0.057778097096884556
0.42822892082521796 0.48996917996006567 -0.0818244502899938 -0.05748703623200918
0.11095656708674816 0.28752013671900134 0.08447111656888046 -0.05352224271839337
0.48021343811865946 0.14774186426651592 0.0309506938930801 -0.09508971841128175
0.47773177654881493 0.022696473723236552 -0.03697522933336865 0.09291303684491642
0.3646633543787131 0.4649655442706495 0.0698667167292887 0.07154468459270284
0.13943655698751548 0.46946639674749613 -0.028614993808771572 -0.09581848532159108
0.2257589702275726 0.12500417772711703 0.02388177669636506 -0.09710644026955656
0.14249177710264577 0.23627021072920584 -0.09320543929237024 -0.03623183802012099
0.39239609506881373 0.4682462213915317 0.09884876053070708 0.015130186434506532
0.12956490789354522 0.1250753829655746 -0.05311123628010564 0.08473013974258978
0.18820225320043663 0.42843579252052283 -0.09698850702048704 -0.02435630320752592
0.4332830459532543 0.28448755632377454 0.09964397238411399 -0.008430822469600955
0.47450297339559017 0.42182082071668103 0.036969446077194136 -0.09291533811349684
