0
0.2972504602859215 0.32925358935111615 0.0 -0.0
0.19121343354304204 0.27518113588541676 -0.0506673440735128 0.08621380541732437
0.31938961146077793 0.22417742980791616 -0.09445492724627645 0.03283697182903173
0.2934087342900867 0.21664671430299368 -0.009413457327602326 0.09955594819568248
0.032041679855612105 0.24292540321310163 0.04624236586444453 -0.0886659100176548
0.3655002480251903 0.014707153053585578 0.020228217354385295 -0.09793272804667369
0.21032219246587394 0.46120161817006244 -0.09472868243052165 -0.03203867545603876
0.25914621413247424 0.3777712791650307 0.09954239290586753 -0.009555732027107772
0.3151291438690973 0.44952389532469644 0.09075393639621482 -0.04199670259189164
0.3836813242426098 0.17383392954846574 0.09800827212667894 0.019858967615232422
0.25532124862658007 0.18455751100961587 0.09382123486608186 -0.03460600942327077
0.16153335889946793 0.031278001095434355 -0.09415835876272366 0.0336779375127133
0.05884319746532067 0.09061717538175915 -0.04132202021453761 -0.09106311352786783
0.06779857152909397 0.4859178554313336 -0.03069055070028695 0.0951739990633635
0.09124626065878884 0.397698714291746 -0.011455835496982883 0.09934165205524854
0.46120475530600247 0.47393238559231304 0.09943094886070626 -0.010652999984024046
0.10480723753901437 0.15368906490028414 0.09657261756621305 -0.02595630051471051
0.21780530714713658 0.14126788615266783 -0.028277292620074914 -0.0959186880752581
0.2075183446570419 0.16591139872630056 -0.09157472979119033 0.040175475898494094
0.34491138657114695 0.4382515797733681 0.037112341524977256 0.09285835507122367
0.1731183387423812 0.43734869873888976 0.08544266018138509 -0.05195721144488368
