0
0.07084092863350407 0.1810182787679147 -0.0 0.0
0.438450590990071 0.485548062333351 0.015557953378102838 0.09878233691649929
0.21358271992475875 0.46841277611288606 -0.024684808653754334 0.09690541894923904
0.09704892361879516 0.4518883201047117 -0.07006149667689779 -0.0713539535232144
0.3205783623609468 0.19218045744162401 0.021461096875795702 -0.09766996120040036
0.48813647280180594 0.12389080225742097 0.015603640254052226 -0.09877513052799335
0.40473575179538657 0.2872395114915877 0.040294979535088246 0.0915222083664223
0.2768714661663664 0.36879715824313947 0.062189252604625024 -0.0783102602503538
0.40674111997620316 0.11639125295667893 0.07586828591519644 0.06514601440065237
0.4850075697814114 0.16859072374027198 -0.03804074265970812 0.09248190038000875
0.36340592103446906 0.17972033417347444 0.03324629647381418 -0.09431163115318944
0.44749709662657255 0.4682433468067422 -0.017862786286940796 0.09839167071488868
0.3901441371910647 0.27839612431646044 -0.08749221896397133 -0.04842635254446176
0.19838421825576225 0.20617491772755445 -0.03396033837545473 0.09405687331303661
0.43021215683786884 0.18899668211853068 0.09959977780534876 0.00893779956841486
0.0420235547407136 0.4597843227182606 0.099323570171445 0.0116115635638807
0.014426575574098495 0.17122678879212297 0.09926711639482123 -0.012084684632087634
0.1474937016960831 0.1090558286065692 -0.09082658755650366 -0.041839347423696466
0.401383972271874 0.140227439809032 0.09455433518059353 -0.03254961902320782
0.11837713894310625 0.13922740177443854 0.03277973273538831 0.09447480681005128
0.04482312990168628 0.0117257473404087 -0.08273192670936567 -0.056173199151874444
