0
0.2741003144312832 0.3471062154753297 0.0 0.0
0.42051785516185675 0.38566867546535005 -0.07968776917107176 0.0604140666114936
0.12178426821794784 0.15227773423442625 0.09999464022805331 -0.0010353384288172064
0.3930466083199985 0.4582339194552033 -0.031538465197216536 0.09489639199149756
0.4735139351332697 0.21072184030001606 -0.07507579539728983 0.0660577394819432
0.276609062403135 0.47680998113311157 -0.020802755621362995 0.09781229656110652
0.08369125196087673 0.28841138898643665 -0.021968786953764842 0.09755702127361256
0.10712688340464926 0.45317601702934285 -0.0811015305778045 -0.05850249343350627
0.023965987382742533 0.33627137858176404 -0.06131124128405953 -0.07899956767101853
0.05797508722230997 0.27779674248924474 -0.09374166431959369 0.03482097601435974
0.06074706146271976 0.11675599837356684 -0.04065993409395776 -0.09136065761297373
0.46601242881022237 0.43447966518866893 0.09961742840126125 0.00873887628471688
0.37619845657861234 0.14318124107271699 0.06767076845440613 0.07362517977424675
0.34773320595413354 0.058037733107222364 0.09999176072765686 -0.0012836613973399994
0.13421386696530266 0.29948484502886585 0.0948649961727338 0.03163277574205594
0.29789746274052337 0.03182964156650691 0.01857726820661301 0.09825927491071551
0.21001806687576363 0.07226442500627174 0.04888989204976035 0.08723404413050435
0.00936427463947976 0.2214920668027736 0.08369734895834474 0.0547243435533499
0.17841596990765166 0.05406558848205912 -0.053012042046637786 -0.08479223666141558
0.08164561838045631 0.03196310653228877 0.046106202935991124 0.08873679085264018
0.40929981234203167 0.21784706836029966 -0.09078741172745675 0.04192428737413732
