0
0.2577342869080937 0.2278333401251324 -0.0 -0.0
0.013078034023247437 0.3946905774257844 -0.03610153291057299 -0.09325598812680512
0.1357800752093126 0.3109528039740713 -0.09757634248468645 0.021882810315660393
0.1598168425986764 0.17670387137655677 0.06494694127789762 0.07603877181178902
0.10526098930937272 0.11592625889413757 -0.03701045786423349 0.09289900972927428
0.03049063200589379 0.02965656601579593 0.06390294899836389 0.07691822351895877
0.44119738079411497 0.021504229582872732 -0.043151381772645006 0.09021063269433066
0.3160020609690467 0.3153832059427608 0.09870813314115198 -0.016021998994776358
0.17578146313019524 0.1570717986562991 0.057023572051720886 0.08214811154531915
0.07580945843990602 0.4311900914414975 -0.08662853678946401 0.049954945838390025
0.03347500042939191 0.2365124111767787 -0.05628268956133753 -0.08265747912767549
0.011208917409911884 0.043523297577247905 0.09903003543563148 0.013894318321442639
0.3859732030479417 0.4191064157024334 -0.09207382852762397 -0.03901807402045493
0.40838326195685226 0.33250966636046325 0.0952408314668012 0.03048251993376483
0.2736380772461408 0.3203208980140757 -0.03137257909178907 -0.09495136271338839
0.3059826472918332 0.2544163539635112 0.049785168372053615 0.08672621870095729
0.2866878403180959 0.4687956902882138 0.05814776805376364 0.08135623559608511
0.48876869607934564 0.3551648552271753 -0.07792787721440769 0.062667742522419
0.04338909434124434 0.10933143644184598 0.05979964875354948 -0.08014987217052882
0.09914578134264357 0.2422604881281299 0.05356190416631551 0.08444597339173984
0.16521375044454517 0.23573173485401314 -0.06297568137590172 0.07767923503254204
